63.44 -56.23
86.35 -0.67
-89.64 22.78
54.52 4.37
86.37 -41.07
84.62 -5.68
-40.03 60.5
73.57 -25.06
8.33 -82.65
94.71 62.02
81.51 61.95
-15.3 47.86
-76.52 -67.49
97.15 5.99
68.63 18.72
11.9 6.84
-47.43 41.24
-67.95 52.8
16.55 -11.94
94.12 -86.22
-56.92 -16.69
5.72 -17.55
33.1 -50.68
54.52 66.68
75.66 -2.15
-62.56 12.61
31.61 1.76
10.12 -40.4
-69.64 90.28
11.53 -47.83
0.83 25.29
-94.73 91.86
-50.89 -82.79
87.66 -8.52
5.37 8.1
-96.13 -43.2
50.95 -96.92
76.34 -97.73
19.3 50.53
4.52 4.41
-45.81 37.42
-87.76 -58.68
-34.25 -32.6
-20.96 22.72
33.27 85.65
-48.86 -24.78
62.38 -31.01
19.01 -90.78
-44.94 -28.06
-91.57 -31.04
-35.09 -66.9
6.78 73.4
-78.22 90.08
0.55 98.35
-44.08 18.55
-53.67 32.52
-88.68 -64.41
-41.76 88.3
-46.58 -6.79
61.72 -23.07
38.36 14.0
95.52 -16.93
-38.88 -3.26
5.81 -53.72
-15.06 -0.85
45.59 13.82
48.56 51.64
89.88 1.44
62.69 -33.01
-32.98 -79.47
45.18 -63.68
-48.51 13.34
-91.63 21.19
-48.52 -64.33
96.88 3.72
90.88 -38.32
17.48 -61.66
-85.87 -67.65
21.16 46.13
-20.0 39.92
-3.47 14.07
32.5 -38.18
28.39 -41.98
-71.44 -99.89
73.38 -5.14
-45.18 73.1
80.28 -35.98
-89.88 -24.63
-51.63 42.35
-41.74 -83.12
-41.5 -84.33
-79.7 22.85
-85.01 32.56
99.99 -49.41
-56.01 99.55
-99.47 -62.0
83.36 60.82
-96.0 -3.01
-43.53 -11.12
98.36 45.14
76.58 35.85
40.54 98.73
6.8 76.73
12.7 -77.92
-59.05 -60.46
87.16 90.79
-21.32 77.12
82.66 -1.17
33.09 -90.71
-90.15 89.81
16.37 -38.83
74.81 -51.85
68.79 38.14
-98.15 90.23
36.84 45.19
27.97 83.09
8.49 -44.26
-93.08 -62.64
-50.69 20.95
-98.75 43.94
-89.04 -45.18
79.48 -90.35
98.33 -12.75
-73.82 -65.88
44.84 18.91
-60.56 29.57
-44.46 -35.21
78.01 56.22
61.56 -20.89
-63.25 -36.11
-6.7 10.78
-43.07 91.78
-68.79 -24.76
-5.87 -41.82
-13.65 77.48
-27.85 39.87
-63.46 56.82
53.31 83.06
94.47 -73.59
-19.94 -9.5
-67.01 61.22
58.02 -44.52
5.64 61.28
66.42 27.64
-56.97 -9.75
-20.74 16.3
40.92 42.58
-63.6 -27.5
15.78 -84.09
-16.75 -35.0
-55.26 -37.22
-24.98 -98.19
-74.22 -61.62
-33.93 -25.86
-17.94 -62.29
-70.01 -54.07
-19.78 92.5
60.62 -92.28
-11.93 -91.16
20.11 -51.96
-89.98 -92.01
16.05 69.25
-12.65 98.53
-51.45 41.2
41.45 -49.44
46.14 -3.72
52.76 14.76
48.89 28.2
74.25 -72.12
-2.46 74.85
32.4 -18.91
73.81 -96.83
-16.88 17.12
96.74 96.96
-53.52 34.52
32.54 85.14
-29.69 -44.59
75.86 -73.77
94.77 8.69
-17.15 -57.13
-65.97 92.9
-88.98 -58.27
-37.07 16.0
3.9 -43.08
42.47 79.64
81.66 52.81
-17.58 -44.81
61.78 -41.4
8.36 -11.13
-17.92 -22.9
-70.67 50.11
89.95 58.3
35.11 72.31
-20.23 -72.51
-9.23 94.17
-91.94 42.81
-70.9 78.75
21.42 43.97
81.81 38.6
18.25 31.99