#COLORS
5
1 228 229 231
2 139 140 146
3 59 93 171
4 248 153 28
5 231 30 38

#OBJECT
26 15
0 0 0 0 0 0 0 1 0 0 0 0 0 0 0
0 0 0 0 0 0 1 1 1 0 0 0 0 0 0
0 0 0 0 0 0 1 1 1 0 0 0 0 0 0
0 0 0 0 0 1 1 2 1 1 0 0 0 0 0
0 0 0 0 0 1 2 2 2 1 0 0 0 0 0
0 0 0 0 0 1 1 1 1 1 0 0 0 0 0
0 0 0 0 0 1 2 2 2 1 0 0 0 0 0
0 0 0 0 0 1 1 1 1 1 0 0 0 0 0
0 0 0 0 0 1 1 1 1 1 0 0 0 0 0
0 0 0 0 2 1 1 1 1 1 2 0 0 0 0
0 0 0 0 2 2 1 1 1 2 2 0 0 0 0
0 0 0 1 1 2 1 1 1 2 1 1 0 0 0
0 0 1 1 1 2 1 1 1 2 1 1 1 0 0
0 1 1 1 2 2 1 1 1 2 2 1 1 1 0
1 1 3 1 2 1 1 1 1 1 2 1 3 1 1
1 1 1 1 2 1 1 1 1 1 2 1 1 1 1
2 2 2 2 2 1 1 1 1 1 2 2 2 2 2
1 1 1 2 1 1 1 1 1 1 1 2 1 1 1
0 1 1 2 1 1 1 1 1 1 1 2 1 1 0
0 0 0 0 1 1 2 1 2 1 1 0 0 0 0
0 0 0 0 0 2 2 1 2 2 0 0 0 0 0
0 0 0 0 0 5 4 5 4 5 0 0 0 0 0
0 0 0 0 0 5 4 4 4 5 0 0 0 0 0
0 0 0 0 0 5 5 4 5 5 0 0 0 0 0
0 0 0 0 0 0 5 5 5 0 0 0 0 0 0
0 0 0 0 0 0 0 5 0 0 0 0 0 0 0